Test: Sequential
Program: spell_seq
Total: 21.868184 seconds
Avg iteration: 2.18681840000000000000 seconds
Avg word: .12863637647058823529 seconds
Data points: 
0.128604 0.127393 0.127551 0.127807 0.126321 0.135618 0.125616 0.128417 0.125910 0.126756 0.127230 0.127303 0.126722 0.127264 0.126205 0.131853 0.125875 0.130593 0.130455 0.130826 0.127837 0.131488 0.125988 0.130802 0.130924 0.131959 0.131781 0.127895 0.132016 0.127189 0.126502 0.131030 0.131353 0.125910 0.129533 0.130771 0.132654 0.131262 0.127680 0.132823 0.129978 0.127041 0.126368 0.125813 0.130163 0.130566 0.132557 0.127346 0.138276 0.128911 0.130445 0.132345 0.126434 0.137425 0.132424 0.132372 0.130497 0.125472 0.125545 0.130984 0.126019 0.129161 0.129121 0.130466 0.131025 0.131999 0.127491 0.126660 0.131336 0.130117 0.131294 0.126489 0.131479 0.131842 0.126331 0.125799 0.125908 0.126142 0.130395 0.126231 0.129774 0.130726 0.130936 0.132622 0.130034 0.126071 0.126676 0.130346 0.126796 0.131556 0.130102 0.125101 0.131351 0.130060 0.126277 0.125967 0.125671 0.125725 0.126170 0.132428 0.131163 0.126884 0.130142 0.131926 0.130749 0.130885 0.125173 0.125829 0.125387 0.125652 0.125169 0.126455 0.128224 0.127835 0.125154 0.125843 0.126916 0.125630 0.128470 0.127618 0.130223 0.129436 0.130958 0.125780 0.130193 0.127677 0.130551 0.127164 0.126018 0.125357 0.125303 0.126710 0.125774 0.125836 0.125879 0.126508 0.130831 0.129344 0.130332 0.125900 0.125946 0.131867 0.131193 0.130625 0.125514 0.131171 0.129915 0.126552 0.130532 0.132081 0.129378 0.130055 0.130499 0.130211 0.130759 0.129682 0.130062 0.128323 0.126084 0.126656 0.125026 0.126038 0.124855 0.128032 0.125656 0.126163 0.125560 0.126423 0.128470 0.125606

Test: 2TSingleGuided
Program: spell_t2_singleloop
Total: 12.537507 seconds
Avg iteration: 1.25375070000000000000 seconds
Avg word: .07375004117647058823 seconds
Data points: 
0.074533 0.073107 0.072345 0.072710 0.073982 0.072765 0.074112 0.072902 0.073004 0.074807 0.074507 0.072487 0.072364 0.073087 0.072256 0.072504 0.072379 0.073769 0.074919 0.073114 0.073333 0.073390 0.072600 0.073018 0.073525 0.073484 0.072535 0.073698 0.072280 0.072531 0.072761 0.072872 0.072759 0.073007 0.072664 0.074837 0.072727 0.075194 0.072527 0.074498 0.073386 0.072800 0.072759 0.073942 0.072610 0.073430 0.073075 0.075269 0.073209 0.074107 0.074501 0.072430 0.072885 0.072874 0.072655 0.072240 0.075305 0.075458 0.072532 0.073999 0.072875 0.072616 0.072747 0.072640 0.073742 0.072622 0.073281 0.072999 0.073048 0.072393 0.083757 0.073689 0.072821 0.073706 0.072433 0.072813 0.074512 0.072617 0.072595 0.073811 0.075430 0.074336 0.074704 0.074318 0.072821 0.073295 0.074072 0.075794 0.073257 0.075329 0.073251 0.074363 0.075830 0.075195 0.075476 0.077314 0.079455 0.074422 0.075216 0.077223 0.075080 0.080198 0.074037 0.074882 0.074758 0.073884 0.072953 0.074493 0.076044 0.073990 0.075290 0.073623 0.073052 0.074163 0.075652 0.072997 0.075167 0.077297 0.072838 0.073242 0.074341 0.072805 0.073675 0.074623 0.073897 0.073599 0.073601 0.073266 0.080461 0.072576 0.072922 0.072677 0.072616 0.072754 0.074184 0.072987 0.073490 0.073325 0.073571 0.072469 0.073004 0.074817 0.074830 0.075489 0.075313 0.072079 0.073710 0.072677 0.072988 0.072773 0.072577 0.074676 0.073128 0.073501 0.073892 0.073951 0.073044 0.073303 0.073535 0.072403 0.072351 0.072575 0.072594 0.072809 0.073020 0.072478 0.072512 0.072692 0.072440 0.072690

Test: 2TSingleDynamicLargeChunk
Program: spell_t2_singleloop
Total: 13.202771 seconds
Avg iteration: 1.32027710000000000000 seconds
Avg word: .07766335882352941176 seconds
Data points: 
0.079813 0.077919 0.076825 0.076681 0.076653 0.077259 0.077114 0.078298 0.077608 0.076615 0.076910 0.076509 0.076925 0.076930 0.077071 0.077279 0.077326 0.077114 0.080798 0.076743 0.077266 0.077266 0.076892 0.076643 0.090134 0.081209 0.079842 0.077604 0.076472 0.077612 0.077289 0.077033 0.077552 0.076904 0.076979 0.077971 0.076974 0.076949 0.076999 0.076754 0.076981 0.076692 0.079805 0.078464 0.077536 0.078084 0.076976 0.077178 0.077167 0.077562 0.076875 0.076470 0.077067 0.077132 0.077835 0.076974 0.077038 0.076901 0.076770 0.076963 0.080450 0.076707 0.076952 0.076680 0.077335 0.077009 0.077426 0.080013 0.078019 0.078918 0.077647 0.076595 0.078230 0.077557 0.077056 0.077623 0.078175 0.077670 0.077194 0.077164 0.077004 0.077426 0.077499 0.078172 0.076844 0.076840 0.076462 0.077199 0.077380 0.076393 0.077107 0.077156 0.077830 0.076621 0.076643 0.079911 0.076685 0.076806 0.078564 0.077341 0.077356 0.084067 0.077348 0.081544 0.077381 0.076780 0.076918 0.077193 0.080234 0.077136 0.076981 0.076812 0.076720 0.076866 0.076964 0.077496 0.076860 0.078531 0.076723 0.077661 0.077760 0.076668 0.077849 0.076872 0.077073 0.076172 0.076679 0.076883 0.077061 0.076658 0.077176 0.077782 0.077154 0.076848 0.077037 0.077321 0.077775 0.076620 0.077200 0.077563 0.077043 0.076874 0.078315 0.077552 0.078289 0.076455 0.077070 0.087424 0.077668 0.077602 0.077350 0.076659 0.076770 0.076710 0.077084 0.080023 0.081712 0.077851 0.076937 0.079134 0.080396 0.081640 0.077077 0.076864 0.079774 0.076596 0.076987 0.077524 0.076705 0.077457

Test: 2TSingleDynamicChunkD4
Program: spell_t2_singleloop
Total: 13.094480 seconds
Avg iteration: 1.30944800000000000000 seconds
Avg word: .07702635294117647058 seconds
Data points: 
0.078934 0.075906 0.076563 0.076182 0.075759 0.076710 0.076640 0.076264 0.076509 0.076394 0.076394 0.076688 0.076414 0.077876 0.076878 0.078528 0.076503 0.076773 0.075718 0.077158 0.076470 0.077425 0.078636 0.077841 0.076265 0.080199 0.076626 0.076474 0.076653 0.075934 0.076582 0.076007 0.075980 0.079482 0.077972 0.078814 0.098521 0.079832 0.078342 0.080048 0.079869 0.078804 0.079497 0.078230 0.076884 0.080892 0.077520 0.077412 0.076441 0.077963 0.077886 0.076779 0.076077 0.076560 0.076076 0.078871 0.077981 0.075966 0.078079 0.076191 0.076459 0.077225 0.075966 0.075913 0.076881 0.077501 0.076717 0.077111 0.075462 0.078220 0.076068 0.076520 0.076923 0.076094 0.076552 0.075499 0.076733 0.076594 0.077464 0.075850 0.076841 0.076440 0.076221 0.075592 0.076586 0.076797 0.076592 0.075863 0.076903 0.077695 0.076198 0.076440 0.076129 0.076041 0.077199 0.076680 0.076746 0.075015 0.076653 0.081031 0.076736 0.078490 0.076198 0.075371 0.075913 0.077018 0.077638 0.076117 0.076501 0.076259 0.075741 0.076704 0.078076 0.077505 0.077353 0.076691 0.075395 0.076215 0.078003 0.076381 0.076485 0.076985 0.076998 0.076511 0.076289 0.076441 0.076459 0.076567 0.076559 0.076104 0.077436 0.077121 0.076189 0.076682 0.075794 0.076487 0.076962 0.076375 0.076955 0.076625 0.079072 0.077119 0.075617 0.077945 0.076264 0.075978 0.076165 0.076355 0.076287 0.079627 0.076498 0.076157 0.075179 0.075827 0.076450 0.076692 0.076923 0.076992 0.076917 0.076847 0.076740 0.075801 0.076295 0.076525 0.077610 0.076154 0.076765 0.076581 0.076466 0.076017

Test: 2TSingleDynamicChunkD8
Program: spell_t2_singleloop
Total: 12.703440 seconds
Avg iteration: 1.27034400000000000000 seconds
Avg word: .07472611764705882352 seconds
Data points: 
0.076456 0.074793 0.073891 0.073987 0.075686 0.074845 0.074927 0.074703 0.081868 0.074977 0.073610 0.074774 0.074359 0.074461 0.074608 0.074386 0.074983 0.075964 0.074627 0.075028 0.075066 0.074434 0.075442 0.075224 0.074433 0.074362 0.073846 0.074669 0.074182 0.074575 0.073860 0.073910 0.074016 0.074053 0.076985 0.074322 0.074097 0.074279 0.075990 0.075022 0.074268 0.074239 0.073978 0.073846 0.074323 0.074600 0.074532 0.073897 0.073908 0.075879 0.076913 0.074561 0.078862 0.074186 0.074498 0.073484 0.075289 0.075064 0.075554 0.074826 0.075604 0.075327 0.077026 0.073748 0.074278 0.074520 0.073989 0.074626 0.074480 0.074386 0.073737 0.074997 0.073427 0.073721 0.073726 0.075403 0.073375 0.074554 0.074056 0.073670 0.075544 0.074537 0.074425 0.074791 0.074006 0.075075 0.075034 0.077322 0.073761 0.074543 0.073340 0.074878 0.076413 0.075171 0.075726 0.075230 0.075397 0.074528 0.074217 0.076404 0.074504 0.073972 0.074207 0.075843 0.074459 0.075603 0.074244 0.073930 0.074427 0.074159 0.073825 0.073715 0.073988 0.074917 0.074072 0.074692 0.073705 0.073971 0.074347 0.074593 0.074355 0.074096 0.073459 0.073960 0.073373 0.076888 0.073258 0.076787 0.075742 0.073976 0.074920 0.075696 0.074142 0.073645 0.074557 0.073770 0.076837 0.073777 0.074182 0.074983 0.074978 0.074615 0.073737 0.073643 0.084541 0.074235 0.074156 0.075263 0.073997 0.074755 0.074668 0.074142 0.073630 0.074828 0.074268 0.074924 0.074330 0.074490 0.073500 0.074553 0.073638 0.073580 0.074406 0.074589 0.074894 0.074854 0.075112 0.074770 0.074169 0.075200

Test: 2TSingleDynamicChunkD16
Program: spell_t2_singleloop
Total: 12.568422 seconds
Avg iteration: 1.25684220000000000000 seconds
Avg word: .07393189411764705882 seconds
Data points: 
0.074377 0.074541 0.073102 0.073121 0.073142 0.073633 0.073212 0.073292 0.072939 0.073764 0.073698 0.074587 0.073225 0.073925 0.072735 0.074586 0.080054 0.072671 0.073956 0.073081 0.074208 0.073823 0.073521 0.074772 0.073356 0.073363 0.072951 0.073644 0.074567 0.073099 0.073376 0.072864 0.073424 0.072576 0.073186 0.073892 0.073105 0.076987 0.073401 0.072937 0.073114 0.073201 0.072737 0.073265 0.075970 0.074964 0.077986 0.072790 0.072641 0.074131 0.075770 0.073106 0.074859 0.074165 0.074151 0.073026 0.075660 0.073849 0.077758 0.074205 0.073978 0.075143 0.073881 0.073043 0.072922 0.072677 0.073294 0.073560 0.073660 0.073946 0.072968 0.073639 0.075953 0.074233 0.073226 0.073438 0.074229 0.072507 0.072906 0.073716 0.073937 0.073799 0.073247 0.072707 0.073395 0.073825 0.073086 0.073455 0.073808 0.073186 0.074505 0.074016 0.073454 0.075115 0.077201 0.073609 0.074863 0.072958 0.074261 0.073640 0.073916 0.074324 0.076070 0.072350 0.073404 0.073370 0.073914 0.086479 0.072612 0.075241 0.073295 0.073022 0.073060 0.072914 0.073008 0.073201 0.074871 0.085301 0.074739 0.072690 0.073505 0.074258 0.073708 0.072910 0.075170 0.072992 0.072755 0.073796 0.072754 0.073211 0.072846 0.073276 0.074634 0.073747 0.073452 0.072999 0.072623 0.073756 0.073214 0.073990 0.074544 0.075548 0.072353 0.072818 0.073048 0.076266 0.073513 0.072987 0.073652 0.072686 0.073289 0.074860 0.073995 0.073701 0.073658 0.073343 0.073049 0.072172 0.073205 0.073619 0.074775 0.075560 0.073844 0.072900 0.073149 0.074253 0.072982 0.074441 0.073201 0.074607

Test: 2TSingleDynamicChunkD32
Program: spell_t2_singleloop
Total: 12.489171 seconds
Avg iteration: 1.24891710000000000000 seconds
Avg word: .07346571176470588235 seconds
Data points: 
0.078975 0.072923 0.072798 0.072767 0.072221 0.072501 0.072260 0.072793 0.073111 0.072685 0.073403 0.074327 0.073272 0.073436 0.073415 0.072705 0.073040 0.073507 0.074299 0.073075 0.073613 0.073731 0.072845 0.074271 0.073066 0.072717 0.072790 0.072362 0.073524 0.073833 0.072423 0.073018 0.075239 0.072233 0.073590 0.073986 0.074410 0.073879 0.072936 0.075694 0.073592 0.074758 0.073108 0.073400 0.072786 0.074124 0.073314 0.073903 0.073893 0.073470 0.073660 0.073661 0.072597 0.075104 0.073874 0.074057 0.073280 0.073211 0.085245 0.072807 0.074658 0.074317 0.073356 0.074076 0.073161 0.073173 0.072568 0.072849 0.073327 0.073318 0.072049 0.074976 0.072426 0.073227 0.072206 0.073654 0.073735 0.072617 0.072407 0.072938 0.073948 0.073439 0.072501 0.074023 0.072621 0.072370 0.071743 0.072974 0.072670 0.072227 0.072693 0.073696 0.074077 0.072624 0.075864 0.072393 0.073760 0.072880 0.072571 0.073530 0.073419 0.076892 0.073906 0.072323 0.073019 0.075580 0.073231 0.073722 0.072443 0.072431 0.073280 0.075486 0.073186 0.074257 0.073776 0.073071 0.074127 0.076546 0.074197 0.073488 0.071947 0.072651 0.076199 0.073065 0.073227 0.072591 0.075193 0.072810 0.073616 0.074306 0.072619 0.073986 0.072492 0.072979 0.073368 0.072797 0.073773 0.073630 0.073150 0.073216 0.072657 0.072661 0.072557 0.072441 0.072288 0.073405 0.074234 0.074265 0.072684 0.073139 0.072962 0.073591 0.073156 0.072721 0.072499 0.073738 0.072974 0.073045 0.073453 0.073058 0.073410 0.072419 0.072398 0.073217 0.073921 0.072449 0.073057 0.074688 0.072938 0.073992

Test: 2TSingleDynamicChunkD64
Program: spell_t2_singleloop
Total: 12.387928 seconds
Avg iteration: 1.23879280000000000000 seconds
Avg word: .07287016470588235294 seconds
Data points: 
0.076384 0.072995 0.071783 0.072969 0.072300 0.075701 0.072517 0.072925 0.071838 0.071961 0.072729 0.072536 0.072535 0.071983 0.075366 0.072435 0.075252 0.073659 0.072005 0.072369 0.071304 0.072853 0.072385 0.072060 0.073465 0.071870 0.073704 0.072212 0.072829 0.072529 0.072451 0.072044 0.075317 0.071898 0.072929 0.072104 0.073019 0.072446 0.072037 0.072110 0.071867 0.072990 0.071931 0.074017 0.072405 0.073106 0.073542 0.072263 0.074163 0.074500 0.071820 0.072694 0.072962 0.073421 0.074540 0.073146 0.074212 0.073058 0.072909 0.073390 0.071939 0.072058 0.072108 0.072409 0.072034 0.075203 0.072981 0.072343 0.072873 0.072519 0.073589 0.072923 0.072787 0.073244 0.073733 0.072485 0.073233 0.072614 0.072172 0.073449 0.071992 0.072082 0.071642 0.072251 0.073652 0.072441 0.075579 0.071386 0.072547 0.074990 0.073779 0.073221 0.072824 0.072951 0.073223 0.072048 0.072791 0.072721 0.072953 0.072960 0.072960 0.072250 0.072810 0.072868 0.071677 0.072778 0.072780 0.076004 0.073962 0.074814 0.071830 0.073747 0.072790 0.072662 0.072982 0.071456 0.071999 0.073782 0.074341 0.074512 0.072806 0.072764 0.071913 0.072589 0.072184 0.072042 0.071293 0.072560 0.071866 0.074856 0.072243 0.072771 0.072552 0.072467 0.072225 0.071612 0.072316 0.073892 0.072525 0.074897 0.072000 0.071685 0.073235 0.072935 0.073527 0.071906 0.072422 0.071477 0.072827 0.071651 0.072912 0.072698 0.071891 0.072275 0.073198 0.072466 0.072590 0.076907 0.072484 0.072097 0.073379 0.071806 0.073460 0.073349 0.072747 0.073814 0.073031 0.072294 0.072399 0.071616

Test: 2TSingleDynamicChunkD128
Program: spell_t2_singleloop
Total: 12.362852 seconds
Avg iteration: 1.23628520000000000000 seconds
Avg word: .07272265882352941176 seconds
Data points: 
0.072488 0.072442 0.072665 0.071814 0.073535 0.072338 0.072737 0.072005 0.072693 0.071855 0.071707 0.083752 0.072174 0.071933 0.071366 0.072947 0.072011 0.075756 0.072082 0.073604 0.072626 0.071889 0.071438 0.072517 0.071678 0.072013 0.072160 0.072482 0.072156 0.072200 0.074095 0.072787 0.072017 0.073423 0.073447 0.072587 0.072184 0.072834 0.078007 0.072959 0.074987 0.074674 0.073333 0.072505 0.071954 0.074622 0.072341 0.072747 0.071944 0.072568 0.072356 0.072644 0.071707 0.072220 0.072734 0.072141 0.072363 0.073241 0.072599 0.071609 0.072448 0.073731 0.073749 0.074886 0.072193 0.072822 0.072497 0.071444 0.071754 0.071642 0.073883 0.072091 0.071468 0.072426 0.071943 0.073687 0.075441 0.072095 0.073179 0.071767 0.072770 0.071974 0.073197 0.072693 0.071912 0.072951 0.074551 0.073378 0.072724 0.073178 0.072745 0.072195 0.073323 0.073042 0.072151 0.071732 0.071375 0.073869 0.071875 0.072426 0.073058 0.072747 0.074741 0.071738 0.072442 0.073092 0.071727 0.073852 0.071666 0.072072 0.071665 0.074143 0.071738 0.071592 0.073735 0.072595 0.072294 0.072033 0.071785 0.072015 0.072581 0.071937 0.071632 0.071981 0.071632 0.072812 0.072276 0.073623 0.075601 0.072989 0.071702 0.071943 0.073254 0.071434 0.073991 0.071880 0.071698 0.071722 0.072332 0.071889 0.072153 0.072110 0.072393 0.072644 0.072252 0.072224 0.071777 0.072116 0.072212 0.073956 0.072066 0.073858 0.073777 0.074131 0.072960 0.071958 0.073035 0.072872 0.072490 0.072004 0.073675 0.072102 0.072835 0.071472 0.073446 0.072363 0.073431 0.072934 0.073260 0.072808

Test: 2TSingleDynamicChunk4
Program: spell_t2_singleloop
Total: 12.786875 seconds
Avg iteration: 1.27868750000000000000 seconds
Avg word: .07521691176470588235 seconds
Data points: 
0.076542 0.074999 0.074667 0.075741 0.074056 0.076492 0.075513 0.074612 0.075095 0.074876 0.075672 0.076210 0.074470 0.075396 0.075000 0.075473 0.074501 0.075486 0.075229 0.074789 0.074670 0.075874 0.074591 0.075192 0.074651 0.074204 0.076030 0.075360 0.074704 0.075070 0.074470 0.074555 0.079245 0.074654 0.075254 0.074335 0.074087 0.077619 0.074237 0.075848 0.076019 0.074582 0.074968 0.074265 0.074745 0.075388 0.075800 0.074690 0.076740 0.074963 0.074351 0.074737 0.076079 0.075215 0.074714 0.074881 0.074648 0.076408 0.075503 0.074332 0.074285 0.075062 0.076588 0.074608 0.075532 0.075250 0.074970 0.076231 0.074822 0.077472 0.075149 0.076504 0.076152 0.076628 0.076027 0.075122 0.075263 0.074603 0.073940 0.074214 0.074387 0.075890 0.074430 0.073855 0.074606 0.074856 0.074473 0.074524 0.075457 0.075356 0.074216 0.076728 0.077146 0.074562 0.074603 0.076458 0.076101 0.075041 0.075137 0.074493 0.075068 0.074662 0.074961 0.074601 0.074512 0.075280 0.074923 0.074672 0.074400 0.074193 0.074670 0.074385 0.075538 0.074221 0.075969 0.076742 0.074995 0.074952 0.075153 0.074269 0.074478 0.074426 0.074802 0.074732 0.075496 0.074873 0.077658 0.074225 0.076089 0.074680 0.074220 0.074532 0.075305 0.075500 0.074406 0.075536 0.074635 0.074341 0.075372 0.075663 0.075478 0.075776 0.074454 0.073991 0.074514 0.074711 0.074401 0.075072 0.075753 0.079145 0.075348 0.075362 0.075379 0.074658 0.075102 0.075367 0.075724 0.074240 0.075461 0.074713 0.075910 0.074530 0.074228 0.075746 0.074193 0.074268 0.075538 0.076585 0.083680 0.075175

Test: 2TSingleStatic4
Program: spell_t2_singleloop
Total: 12.737831 seconds
Avg iteration: 1.27378310000000000000 seconds
Avg word: .07492841764705882352 seconds
Data points: 
0.079858 0.075066 0.075353 0.074316 0.075626 0.074919 0.075621 0.080343 0.076725 0.075680 0.073512 0.073227 0.073831 0.073957 0.072993 0.073679 0.073356 0.073947 0.076178 0.088935 0.074214 0.073075 0.074552 0.072854 0.075703 0.073568 0.076002 0.075007 0.073299 0.073379 0.074597 0.073552 0.075495 0.073305 0.076429 0.073963 0.074499 0.073254 0.073766 0.073031 0.074297 0.075046 0.073283 0.074695 0.074893 0.074787 0.072955 0.073407 0.073490 0.074632 0.073906 0.074345 0.074178 0.073415 0.073745 0.074613 0.072897 0.074185 0.074545 0.073639 0.074401 0.076114 0.076088 0.074077 0.074017 0.075626 0.073671 0.074007 0.073692 0.074646 0.073364 0.075950 0.073199 0.081705 0.074990 0.076747 0.074623 0.075366 0.075300 0.073183 0.073429 0.077054 0.073112 0.073996 0.072949 0.074578 0.075414 0.075272 0.074014 0.075639 0.073884 0.073963 0.075691 0.073693 0.073207 0.074752 0.075150 0.074018 0.074112 0.075127 0.073535 0.074985 0.073281 0.073409 0.074771 0.073916 0.079388 0.074357 0.074012 0.073736 0.073429 0.073369 0.073356 0.076848 0.076412 0.076444 0.075693 0.074286 0.075546 0.076249 0.075094 0.076889 0.073910 0.076023 0.075040 0.074215 0.074492 0.075271 0.074109 0.075422 0.073999 0.075192 0.076175 0.087615 0.073899 0.075803 0.074073 0.075087 0.073633 0.075032 0.075114 0.074349 0.081564 0.076078 0.074373 0.075129 0.073487 0.073293 0.072975 0.074880 0.073549 0.073777 0.088970 0.075191 0.076024 0.073154 0.074104 0.072976 0.073392 0.073941 0.077635 0.073338 0.076525 0.074083 0.073487 0.073640 0.076361 0.075935 0.074804 0.076269

Test: 2TSingleStaticD128
Program: spell_t2_singleloop
Total: 12.050714 seconds
Avg iteration: 1.20507140000000000000 seconds
Avg word: .07088655294117647058 seconds
Data points: 
0.073469 0.070447 0.069468 0.070869 0.070284 0.072393 0.073690 0.070573 0.069464 0.073395 0.070205 0.071828 0.069738 0.070811 0.069461 0.071230 0.071176 0.071864 0.070284 0.071206 0.069870 0.071810 0.073917 0.073160 0.070107 0.069661 0.071101 0.071282 0.070013 0.069882 0.071063 0.070143 0.069238 0.070718 0.073829 0.069973 0.069453 0.069677 0.069594 0.070504 0.069952 0.069656 0.070923 0.069647 0.070200 0.070202 0.069233 0.073044 0.070327 0.069448 0.069167 0.070437 0.070195 0.069718 0.069568 0.071238 0.071332 0.072992 0.070177 0.071009 0.069683 0.070240 0.071033 0.076584 0.070724 0.081353 0.072884 0.069254 0.069320 0.069843 0.070768 0.071198 0.071080 0.071672 0.071318 0.069869 0.070555 0.071286 0.070031 0.070053 0.069356 0.070441 0.071148 0.071943 0.072704 0.070683 0.070816 0.069918 0.070361 0.070775 0.070527 0.069416 0.070601 0.069997 0.069125 0.069988 0.069592 0.070036 0.070808 0.070731 0.069796 0.071370 0.072442 0.071121 0.069800 0.081413 0.069568 0.072778 0.072141 0.073232 0.070053 0.071040 0.070198 0.070149 0.069890 0.070760 0.071034 0.069914 0.070839 0.070473 0.073261 0.070146 0.070145 0.069904 0.071283 0.071158 0.070405 0.070252 0.069853 0.070336 0.070346 0.071112 0.069762 0.070290 0.070151 0.071256 0.071404 0.071192 0.069211 0.069649 0.071384 0.069728 0.070319 0.070003 0.069069 0.069219 0.070609 0.074602 0.070059 0.073463 0.070528 0.070285 0.070709 0.070305 0.070737 0.070842 0.070536 0.070422 0.069508 0.070010 0.070450 0.071240 0.073029 0.081822 0.069552 0.069571 0.069701 0.069960 0.070492 0.070404

Test: 2TSingleStaticD64
Program: spell_t2_singleloop
Total: 12.052924 seconds
Avg iteration: 1.20529240000000000000 seconds
Avg word: .07089955294117647058 seconds
Data points: 
0.073227 0.071987 0.073104 0.070755 0.069238 0.073278 0.069608 0.070905 0.069653 0.070404 0.071311 0.073103 0.070795 0.069625 0.069246 0.070302 0.070198 0.071018 0.069741 0.070355 0.070806 0.069563 0.082567 0.070868 0.070115 0.074682 0.070680 0.071866 0.069832 0.070017 0.069617 0.081789 0.071370 0.070640 0.073264 0.069204 0.069678 0.070092 0.071652 0.071421 0.070005 0.070777 0.069853 0.069445 0.069560 0.071173 0.069826 0.073845 0.073418 0.069835 0.070682 0.074752 0.069303 0.072164 0.070812 0.070655 0.071545 0.069515 0.069869 0.072600 0.069773 0.070635 0.071332 0.071207 0.069920 0.073203 0.069596 0.069855 0.069458 0.071250 0.070054 0.069620 0.070642 0.071926 0.069342 0.070708 0.070239 0.070257 0.069607 0.069617 0.070221 0.074519 0.074971 0.073367 0.069109 0.070072 0.069125 0.069484 0.069468 0.070925 0.070039 0.069597 0.070069 0.070225 0.070263 0.071266 0.069844 0.071022 0.070011 0.070510 0.071135 0.069803 0.069749 0.069742 0.070322 0.070040 0.077019 0.069716 0.070245 0.070191 0.069749 0.069544 0.072103 0.071110 0.071379 0.069680 0.070860 0.069546 0.070022 0.070056 0.070556 0.069913 0.070589 0.070026 0.070515 0.069821 0.070693 0.069762 0.070279 0.069330 0.072208 0.069955 0.071661 0.069275 0.070342 0.070205 0.070378 0.069864 0.070660 0.069879 0.072064 0.069782 0.070804 0.069395 0.070648 0.071396 0.070276 0.086619 0.069723 0.070382 0.070163 0.070913 0.069678 0.070694 0.070652 0.071491 0.070662 0.069981 0.071082 0.071124 0.070622 0.069336 0.070317 0.073107 0.070542 0.069667 0.071087 0.071419 0.071414 0.070404

Test: 2TSingleStaticD256
Program: spell_t2_singleloop
Total: 12.024126 seconds
Avg iteration: 1.20241260000000000000 seconds
Avg word: .07073015294117647058 seconds
Data points: 
0.074952 0.070065 0.070168 0.069389 0.071888 0.074004 0.070193 0.070852 0.070896 0.069472 0.070236 0.070906 0.078671 0.070641 0.070428 0.069591 0.069332 0.069323 0.070590 0.069571 0.069345 0.071858 0.069430 0.069653 0.070105 0.069972 0.070923 0.072457 0.069782 0.069347 0.070850 0.071449 0.072753 0.072350 0.073756 0.071306 0.070512 0.070632 0.071259 0.069600 0.071753 0.069325 0.070009 0.069477 0.070128 0.069475 0.069290 0.069622 0.072257 0.070385 0.069630 0.071240 0.071118 0.070685 0.070083 0.069600 0.069643 0.069276 0.069732 0.071601 0.070895 0.069927 0.070659 0.069753 0.069517 0.069538 0.075116 0.069583 0.069715 0.069622 0.069485 0.070842 0.070042 0.070009 0.075889 0.071298 0.071081 0.070191 0.071352 0.070286 0.069285 0.071858 0.069999 0.069887 0.070057 0.070241 0.070117 0.069939 0.069704 0.082652 0.073413 0.069655 0.070534 0.070645 0.071070 0.069752 0.070800 0.070335 0.071093 0.069176 0.069418 0.069466 0.069633 0.070903 0.069797 0.069574 0.070564 0.071670 0.071392 0.070625 0.069037 0.069581 0.069038 0.069597 0.070779 0.071089 0.070455 0.069525 0.071002 0.070565 0.072890 0.073810 0.071471 0.069712 0.070518 0.072297 0.069642 0.069047 0.070611 0.069113 0.069330 0.069411 0.070192 0.069408 0.069285 0.069466 0.069494 0.070270 0.069337 0.069436 0.070370 0.070403 0.069565 0.081661 0.070444 0.070253 0.071533 0.070657 0.070299 0.071049 0.069540 0.070733 0.071156 0.071001 0.071154 0.070274 0.071982 0.072668 0.069399 0.069998 0.071119 0.073971 0.070050 0.071273 0.073333 0.074003 0.069936 0.070791 0.069959 0.069254

Test: 2TSingleStaticD1024
Program: spell_t2_singleloop
Total: 12.197456 seconds
Avg iteration: 1.21974560000000000000 seconds
Avg word: .07174974117647058823 seconds
Data points: 
0.071341 0.070175 0.071393 0.070015 0.074889 0.070392 0.069912 0.073004 0.069985 0.072844 0.070386 0.069918 0.070566 0.070424 0.071912 0.069335 0.071335 0.069655 0.069423 0.081247 0.070268 0.070271 0.070907 0.084003 0.069671 0.073284 0.070188 0.070205 0.069706 0.070152 0.069512 0.073216 0.070416 0.069557 0.069654 0.070461 0.070021 0.071705 0.069570 0.070559 0.070453 0.070343 0.069867 0.072636 0.071502 0.071835 0.069437 0.070270 0.071878 0.070311 0.070465 0.069878 0.069061 0.069603 0.070097 0.069254 0.070431 0.069594 0.073616 0.070891 0.069891 0.073049 0.069327 0.069345 0.071194 0.069631 0.071481 0.070126 0.072986 0.073319 0.069940 0.070387 0.071877 0.070483 0.070975 0.071250 0.073601 0.071918 0.070463 0.073064 0.071863 0.070567 0.070860 0.070250 0.070628 0.072615 0.070203 0.070311 0.069993 0.081764 0.070198 0.072898 0.072040 0.072048 0.070968 0.072111 0.070642 0.072173 0.069817 0.070872 0.069833 0.071872 0.087449 0.086774 0.081334 0.079884 0.072046 0.071010 0.071773 0.074890 0.072607 0.088070 0.073397 0.076782 0.072889 0.082664 0.071882 0.073405 0.070899 0.071295 0.070852 0.080688 0.077978 0.075138 0.069857 0.071877 0.072986 0.072128 0.069367 0.070305 0.071603 0.072133 0.071490 0.070096 0.070127 0.069195 0.069741 0.072403 0.069594 0.070064 0.070052 0.069781 0.071284 0.069425 0.069673 0.071662 0.070145 0.070662 0.069979 0.070722 0.069589 0.069416 0.070302 0.070535 0.070785 0.070901 0.070686 0.069650 0.070555 0.070911 0.071226 0.071085 0.073979 0.070055 0.073630 0.070627 0.069878 0.070040 0.070918 0.070899

Test: 2TSingleStaticAuto
Program: spell_t2_singleloop
Total: 13.596892 seconds
Avg iteration: 1.35968920000000000000 seconds
Avg word: .07998171764705882352 seconds
Data points: 
0.092632 0.078099 0.077668 0.077558 0.078945 0.095158 0.088362 0.079878 0.076133 0.077409 0.077419 0.078352 0.079607 0.077912 0.076596 0.077172 0.078334 0.091040 0.076707 0.077101 0.077540 0.091440 0.090956 0.078873 0.091916 0.077613 0.077556 0.077855 0.076838 0.078136 0.079246 0.078311 0.078222 0.076487 0.078628 0.078019 0.091035 0.077618 0.076867 0.090579 0.077299 0.090592 0.091126 0.078570 0.090920 0.077236 0.077985 0.078291 0.090592 0.078106 0.076809 0.077425 0.077077 0.078261 0.077670 0.079978 0.077896 0.078125 0.090899 0.077175 0.078877 0.087043 0.091820 0.077685 0.077350 0.080063 0.077077 0.086254 0.079343 0.080319 0.076615 0.078043 0.076407 0.077628 0.076653 0.077971 0.077892 0.089843 0.090606 0.077499 0.077280 0.093105 0.078719 0.076501 0.077663 0.077458 0.077313 0.078118 0.077465 0.077149 0.077612 0.076832 0.077811 0.078450 0.078407 0.077408 0.077454 0.078160 0.077096 0.079159 0.079014 0.079013 0.076338 0.076435 0.091408 0.077101 0.076608 0.077250 0.078630 0.076967 0.080138 0.080399 0.077144 0.076388 0.078099 0.076585 0.077413 0.080053 0.076694 0.077831 0.076299 0.078717 0.078689 0.079154 0.078015 0.077961 0.077923 0.076121 0.079390 0.077486 0.077162 0.077738 0.077657 0.079816 0.077743 0.086760 0.078689 0.077452 0.091004 0.090379 0.078857 0.077546 0.078370 0.089101 0.088693 0.077697 0.077677 0.090802 0.079149 0.076667 0.078298 0.077117 0.077412 0.076925 0.077880 0.077116 0.077418 0.077935 0.077883 0.076949 0.079363 0.077617 0.089745 0.089622 0.076891 0.076586 0.078129 0.076881 0.078457 0.078449

Test: 2TSingleStatic256
Program: spell_t2_singleloop
Total: 12.249320 seconds
Avg iteration: 1.22493200000000000000 seconds
Avg word: .07205482352941176470 seconds
Data points: 
0.074995 0.072632 0.073403 0.070914 0.071719 0.073122 0.071146 0.071329 0.071177 0.083597 0.071293 0.071875 0.071064 0.073086 0.071377 0.072508 0.071724 0.071535 0.071137 0.070902 0.070974 0.071121 0.071583 0.073405 0.071021 0.071559 0.072017 0.073703 0.071924 0.072399 0.073358 0.071429 0.071505 0.071286 0.070842 0.071452 0.072094 0.070937 0.071415 0.072180 0.072458 0.071467 0.070890 0.071304 0.071427 0.072751 0.071868 0.072190 0.072105 0.074371 0.073395 0.072441 0.072956 0.073328 0.072832 0.071350 0.071469 0.071059 0.071162 0.072094 0.071380 0.072611 0.071117 0.071241 0.075027 0.073480 0.071401 0.071114 0.072889 0.073511 0.071705 0.074444 0.071774 0.071480 0.071384 0.071292 0.071569 0.070961 0.071518 0.072318 0.071735 0.071515 0.073521 0.071414 0.072197 0.072242 0.072845 0.071269 0.072015 0.072811 0.071991 0.070517 0.072735 0.071356 0.071215 0.070789 0.071277 0.070951 0.073178 0.070950 0.073282 0.071034 0.071504 0.070865 0.074652 0.070933 0.072969 0.071035 0.071014 0.071557 0.070966 0.071270 0.072716 0.071025 0.071254 0.073643 0.071060 0.071552 0.071358 0.073825 0.077322 0.073004 0.071433 0.071390 0.072120 0.073833 0.070965 0.071384 0.071432 0.071390 0.071254 0.074550 0.071582 0.071338 0.072007 0.072784 0.072415 0.070860 0.072407 0.071313 0.074728 0.072574 0.071586 0.072574 0.071015 0.071577 0.071153 0.071700 0.072127 0.071679 0.070922 0.074318 0.071176 0.071323 0.071185 0.072487 0.071838 0.071241 0.073179 0.070750 0.072570 0.070931 0.074384 0.072382 0.070804 0.071885 0.071641 0.071752 0.071518 0.071629

Test: 2TSingleStatic4k
Program: spell_t2_singleloop
Total: 12.249793 seconds
Avg iteration: 1.22497930000000000000 seconds
Avg word: .07205760588235294117 seconds
Data points: 
0.073615 0.072777 0.073706 0.072011 0.071453 0.073026 0.072555 0.070755 0.070815 0.071993 0.074651 0.071557 0.071228 0.071062 0.071236 0.071853 0.071702 0.071366 0.072123 0.070730 0.072500 0.072863 0.071654 0.073018 0.071047 0.072203 0.079877 0.071515 0.073882 0.071789 0.073885 0.070808 0.072445 0.072106 0.071505 0.072433 0.072648 0.073152 0.073467 0.071092 0.071004 0.072460 0.070905 0.071128 0.073888 0.071348 0.070747 0.071329 0.075748 0.071035 0.072234 0.071234 0.071095 0.071907 0.071557 0.072387 0.071374 0.071268 0.072003 0.070975 0.071302 0.070942 0.071539 0.071199 0.072348 0.072215 0.071054 0.071251 0.071882 0.070941 0.072410 0.071098 0.070933 0.071376 0.072159 0.071038 0.073112 0.072985 0.071528 0.071575 0.071376 0.071559 0.071482 0.071582 0.071235 0.072117 0.072670 0.072713 0.071318 0.075186 0.070942 0.071749 0.071659 0.071823 0.073968 0.074269 0.073290 0.072655 0.071187 0.071679 0.071550 0.071885 0.071235 0.080882 0.072007 0.071066 0.071690 0.073171 0.071655 0.073899 0.071356 0.074984 0.071183 0.071451 0.072570 0.074283 0.070682 0.071301 0.072083 0.072100 0.072034 0.071225 0.071690 0.072703 0.072080 0.070503 0.071802 0.070903 0.072237 0.071090 0.071689 0.072113 0.072933 0.071194 0.072233 0.072223 0.072407 0.073276 0.071723 0.070736 0.071384 0.072283 0.072692 0.072405 0.071111 0.070913 0.071368 0.072326 0.072156 0.073239 0.070997 0.072127 0.071528 0.071208 0.071766 0.071422 0.071855 0.072679 0.071202 0.071524 0.071352 0.071585 0.071643 0.071632 0.073778 0.071760 0.072139 0.071133 0.071429 0.072255

Test: 2TSingleStatic512
Program: spell_t2_singleloop
Total: 12.270648 seconds
Avg iteration: 1.22706480000000000000 seconds
Avg word: .07218028235294117647 seconds
Data points: 
0.073127 0.071282 0.070888 0.070652 0.071915 0.071396 0.073766 0.071046 0.071494 0.070970 0.073494 0.072985 0.071414 0.070944 0.071421 0.074351 0.071647 0.071182 0.072118 0.072152 0.073370 0.070112 0.073444 0.073536 0.072176 0.071022 0.070941 0.072387 0.071067 0.072087 0.071315 0.070494 0.070869 0.075697 0.071116 0.071419 0.071193 0.071747 0.072561 0.072287 0.071008 0.070998 0.071278 0.074952 0.071125 0.071075 0.070878 0.072157 0.071984 0.071730 0.072455 0.071936 0.071503 0.071305 0.071522 0.072809 0.071352 0.072028 0.071419 0.070899 0.074974 0.073079 0.071557 0.073306 0.072342 0.070912 0.070892 0.070366 0.070849 0.071675 0.073043 0.071292 0.071184 0.077836 0.072331 0.071181 0.073252 0.071995 0.071540 0.070957 0.071455 0.074648 0.072175 0.082585 0.078351 0.074202 0.074293 0.075142 0.077150 0.076653 0.073879 0.081556 0.072508 0.076281 0.071200 0.070786 0.071875 0.072113 0.070498 0.071403 0.071168 0.070668 0.073030 0.071115 0.071590 0.073535 0.071211 0.073731 0.071286 0.073063 0.073438 0.070662 0.071333 0.070766 0.071815 0.071084 0.072190 0.070514 0.071267 0.071091 0.071858 0.071896 0.073879 0.071939 0.071345 0.070883 0.071571 0.074512 0.073027 0.071127 0.073970 0.071477 0.071852 0.070686 0.070902 0.072907 0.072330 0.071499 0.073825 0.072083 0.071547 0.071500 0.071898 0.071238 0.071234 0.072753 0.070821 0.071010 0.070772 0.071651 0.072059 0.070843 0.073710 0.070827 0.071383 0.072678 0.071051 0.071687 0.071180 0.070838 0.071238 0.072723 0.070690 0.071222 0.070989 0.071040 0.071579 0.073376 0.071706 0.072467

Test: 2TSingleStaticD512
Program: spell_t2_singleloop
Total: 12.019324 seconds
Avg iteration: 1.20193240000000000000 seconds
Avg word: .07070190588235294117 seconds
Data points: 
0.072431 0.069842 0.070895 0.074296 0.071698 0.073350 0.071508 0.070119 0.071113 0.070986 0.070030 0.070114 0.071977 0.077490 0.069526 0.070726 0.069769 0.069959 0.070036 0.069874 0.070702 0.070041 0.070919 0.070065 0.070038 0.070933 0.070990 0.070139 0.069846 0.071561 0.070409 0.069404 0.070173 0.070442 0.070856 0.070977 0.071053 0.079278 0.069650 0.073291 0.069419 0.070432 0.070911 0.071181 0.069430 0.070491 0.069612 0.073345 0.070742 0.069621 0.069728 0.070618 0.070752 0.069523 0.069969 0.069987 0.070944 0.070769 0.070442 0.072081 0.069354 0.069341 0.069602 0.070576 0.069922 0.070316 0.073220 0.071138 0.070089 0.069559 0.070637 0.071652 0.069949 0.071023 0.070254 0.069966 0.070761 0.069727 0.071370 0.069692 0.073285 0.069317 0.069289 0.069609 0.071901 0.070067 0.069911 0.070351 0.069698 0.071458 0.069942 0.072902 0.069387 0.069955 0.070732 0.071688 0.070403 0.070298 0.069687 0.071201 0.070459 0.070791 0.070913 0.070265 0.070967 0.071087 0.069703 0.073212 0.070106 0.069961 0.071150 0.069864 0.070764 0.069181 0.069669 0.070593 0.070516 0.070518 0.071580 0.070976 0.070065 0.069665 0.070841 0.071594 0.070978 0.070819 0.069085 0.069330 0.070528 0.069327 0.069818 0.073795 0.069939 0.069743 0.071709 0.070640 0.073147 0.070120 0.071307 0.074373 0.071452 0.070091 0.069818 0.071034 0.070993 0.069622 0.069682 0.070582 0.070461 0.069565 0.069968 0.071337 0.069109 0.069834 0.072834 0.070803 0.069650 0.070289 0.073254 0.069539 0.070920 0.070678 0.070804 0.069713 0.070204 0.069518 0.070734 0.071622 0.070555 0.069829

Test: 2TSingleDynamicD512
Program: spell_t2_singleloop
Total: 12.002573 seconds
Avg iteration: 1.20025730000000000000 seconds
Avg word: .07060337058823529411 seconds
Data points: 
0.075501 0.070658 0.069349 0.069971 0.071031 0.069386 0.069867 0.070061 0.073277 0.070866 0.070270 0.069696 0.070782 0.070982 0.071155 0.070368 0.071030 0.069402 0.072055 0.069655 0.070072 0.070019 0.070273 0.069796 0.070621 0.071164 0.070301 0.069545 0.071263 0.069468 0.069619 0.069683 0.070171 0.069414 0.070404 0.069765 0.069526 0.070558 0.069303 0.069830 0.072876 0.069622 0.069996 0.071227 0.072123 0.070678 0.070302 0.069519 0.071523 0.070453 0.069651 0.070810 0.069491 0.070028 0.069391 0.070109 0.069436 0.070162 0.069698 0.069798 0.070505 0.071799 0.069388 0.069288 0.069062 0.071410 0.071367 0.070092 0.070599 0.070823 0.069548 0.071072 0.070731 0.069681 0.070611 0.071949 0.070425 0.071135 0.078736 0.070231 0.070535 0.070913 0.069318 0.071907 0.069776 0.069511 0.070078 0.069356 0.070894 0.069776 0.069565 0.069540 0.070905 0.070858 0.070198 0.070649 0.069519 0.070377 0.069335 0.070636 0.069778 0.072444 0.070263 0.071237 0.069498 0.070228 0.069419 0.069633 0.070401 0.069736 0.070625 0.074483 0.074240 0.070313 0.070895 0.073165 0.071916 0.069911 0.080118 0.070841 0.069597 0.069633 0.069642 0.071163 0.069914 0.069619 0.069507 0.076229 0.070163 0.070385 0.069482 0.073756 0.071641 0.070591 0.069933 0.070170 0.069850 0.070471 0.069918 0.076287 0.071590 0.069481 0.070920 0.070565 0.071175 0.069822 0.069923 0.069597 0.069450 0.069479 0.070802 0.069754 0.071795 0.072890 0.070244 0.069607 0.073936 0.069437 0.069290 0.070378 0.069592 0.071022 0.069922 0.071012 0.069022 0.069444 0.070447 0.070802 0.069321 0.069611

Test: 2TSingleDynamicD1024
Program: spell_t2_singleloop
Total: 12.368188 seconds
Avg iteration: 1.23681880000000000000 seconds
Avg word: .07275404705882352941 seconds
Data points: 
0.072600 0.072348 0.071803 0.072112 0.074725 0.072198 0.072913 0.072146 0.071673 0.072578 0.073115 0.072764 0.073220 0.072506 0.072092 0.072815 0.072224 0.072034 0.071911 0.073582 0.073163 0.072216 0.072206 0.072405 0.072146 0.072090 0.072267 0.074464 0.072604 0.086391 0.072654 0.072810 0.075031 0.074105 0.073099 0.072639 0.071864 0.074812 0.072219 0.072019 0.073347 0.071870 0.072003 0.072494 0.072183 0.071961 0.072543 0.072223 0.071569 0.071741 0.072999 0.072537 0.071552 0.072309 0.072137 0.072575 0.072487 0.071818 0.072482 0.071978 0.072008 0.071929 0.072754 0.072073 0.072267 0.072511 0.071967 0.072068 0.078789 0.073607 0.072557 0.072567 0.072428 0.073809 0.071642 0.072698 0.072623 0.072117 0.071654 0.072529 0.072670 0.072074 0.071671 0.072535 0.074072 0.071295 0.071479 0.071197 0.071471 0.073110 0.071808 0.072164 0.072296 0.071782 0.073088 0.072376 0.072449 0.071838 0.072260 0.072682 0.072298 0.072228 0.072143 0.073043 0.072189 0.073455 0.073041 0.073499 0.072516 0.071876 0.072608 0.071394 0.072241 0.071968 0.072609 0.071962 0.073041 0.071822 0.073822 0.073008 0.072107 0.071703 0.072941 0.072573 0.073139 0.072126 0.072940 0.073518 0.071760 0.072728 0.071796 0.072795 0.072343 0.072049 0.072270 0.073993 0.073862 0.072124 0.075078 0.072115 0.073387 0.072284 0.071907 0.072124 0.072902 0.072057 0.071850 0.071679 0.071906 0.072489 0.071869 0.072315 0.073683 0.072005 0.073146 0.072228 0.072630 0.075331 0.071780 0.072604 0.072025 0.083840 0.072449 0.072015 0.072272 0.071733 0.071811 0.071940 0.074539 0.084380

Test: 2TSingleDynamicD512Verification
Program: spell_t2_singleloop
Total: 12.504288 seconds
Avg iteration: 1.25042880000000000000 seconds
Avg word: .07355463529411764705 seconds
Data points: 
0.074357 0.074573 0.074613 0.073026 0.072733 0.073336 0.072798 0.072650 0.072482 0.072521 0.072461 0.073603 0.073431 0.072915 0.073246 0.072484 0.072516 0.072667 0.074585 0.074396 0.072979 0.072507 0.073179 0.074173 0.072342 0.072838 0.072406 0.073088 0.072266 0.073570 0.072731 0.073162 0.072514 0.073162 0.072495 0.072817 0.072814 0.072983 0.072850 0.073776 0.072512 0.072699 0.072987 0.072824 0.072842 0.072516 0.072528 0.072362 0.072232 0.073976 0.072783 0.072849 0.075034 0.072688 0.072603 0.074226 0.072641 0.073135 0.072616 0.072284 0.072753 0.074281 0.085185 0.073104 0.072984 0.072695 0.072398 0.072277 0.072697 0.072715 0.072976 0.074186 0.086607 0.074237 0.072759 0.072430 0.072601 0.072871 0.073588 0.073982 0.073828 0.073111 0.073174 0.072230 0.073440 0.073436 0.074562 0.073133 0.073526 0.072786 0.072824 0.072645 0.072637 0.073149 0.073217 0.072073 0.072756 0.072692 0.072637 0.073283 0.073114 0.073397 0.072171 0.072502 0.072397 0.073991 0.072846 0.072167 0.072267 0.072280 0.073259 0.072775 0.073017 0.072648 0.072907 0.073721 0.072663 0.072303 0.072579 0.072942 0.075615 0.072526 0.072546 0.074150 0.073035 0.074499 0.073476 0.072325 0.073618 0.072876 0.085207 0.073588 0.072795 0.072582 0.072513 0.072685 0.072940 0.074126 0.073760 0.072498 0.072670 0.077687 0.084180 0.082874 0.074194 0.074605 0.078567 0.072676 0.074824 0.076360 0.073897 0.072957 0.072511 0.074846 0.073380 0.073248 0.072901 0.072720 0.072372 0.072837 0.072790 0.084531 0.072703 0.072853 0.072933 0.072657 0.073565 0.072522 0.072559 0.072716

Test: 2TSingleStaticD512Verification
Program: spell_t2_singleloop
Total: 12.084799 seconds
Avg iteration: 1.20847990000000000000 seconds
Avg word: .07108705294117647058 seconds
Data points: 
0.073132 0.070140 0.069727 0.069861 0.069550 0.069298 0.070488 0.070062 0.069522 0.070544 0.070264 0.070450 0.070969 0.069733 0.072361 0.070154 0.080227 0.069859 0.071996 0.071682 0.086151 0.069636 0.070298 0.070944 0.070902 0.069610 0.069222 0.070697 0.070859 0.071058 0.070150 0.069743 0.069866 0.069895 0.069873 0.069636 0.070826 0.069870 0.071109 0.071453 0.070180 0.073501 0.070653 0.070121 0.071597 0.071694 0.071505 0.070061 0.070553 0.074635 0.069743 0.071255 0.069565 0.073853 0.069773 0.069783 0.071128 0.070322 0.069858 0.069772 0.069830 0.071252 0.069862 0.069454 0.069765 0.070956 0.073578 0.070002 0.075063 0.069991 0.073980 0.069539 0.069420 0.070084 0.069812 0.069741 0.071008 0.069760 0.070230 0.069776 0.069549 0.069685 0.070310 0.070371 0.071177 0.070817 0.069969 0.070707 0.070087 0.070608 0.070508 0.070511 0.073543 0.071242 0.073517 0.070843 0.071841 0.071148 0.071114 0.071249 0.069730 0.073661 0.077475 0.069932 0.070020 0.071028 0.071707 0.069665 0.073033 0.071440 0.070358 0.071717 0.080196 0.074345 0.070477 0.070135 0.070554 0.069612 0.070764 0.070185 0.071057 0.074973 0.074915 0.070013 0.071222 0.069953 0.072158 0.071392 0.069896 0.070498 0.081636 0.069677 0.070569 0.070383 0.069743 0.073829 0.069606 0.071035 0.071144 0.071659 0.073179 0.069886 0.071316 0.070420 0.070626 0.069938 0.070819 0.070154 0.070983 0.069816 0.070633 0.070103 0.071393 0.070663 0.069980 0.071297 0.070205 0.070733 0.071229 0.070375 0.070085 0.069781 0.071885 0.070165 0.070699 0.069933 0.070319 0.072045 0.071138 0.070341

